Node: 0 0 0 96 94 1
Node: 2 0 1 94 94 0
Node: 1 0 0 95 94 1
Node: 2 1 1 94 93 0
Node: 1 1 0 95 93 1
Node: 3 1 1 93 93 0
Node: 2 1 0 94 93 1
Node: 3 2 1 93 92 0
Node: 2 2 0 94 92 1
Node: 4 2 1 92 92 0
Node: 3 2 0 93 92 1
Node: 4 3 1 92 91 0
Node: 3 3 0 93 91 1
Node: 5 3 1 91 91 0
Node: 4 3 0 92 91 1
Node: 5 4 1 91 90 0
Node: 4 4 0 92 90 1
Node: 6 4 1 90 90 0
Node: 5 4 0 91 90 1
Node: 6 5 1 90 89 0
Node: 5 5 0 91 89 1
Node: 7 5 1 89 89 0
Node: 6 5 0 90 89 1
Node: 7 6 1 89 88 0
Node: 6 6 0 90 88 1
Node: 8 6 1 88 88 0
Node: 7 6 0 89 88 1
Node: 8 7 1 88 87 0
Node: 7 7 0 89 87 1
Node: 9 7 1 87 87 0
Node: 8 7 0 88 87 1
Node: 9 8 1 87 86 0
Node: 8 8 0 88 86 1
Node: 10 8 1 86 86 0
Node: 9 8 0 87 86 1
Node: 10 9 1 86 85 0
Node: 9 9 0 87 85 1
Node: 11 9 1 85 85 0
Node: 10 9 0 86 85 1
Node: 11 10 1 85 84 0
Node: 10 10 0 86 84 1
Node: 12 10 1 84 84 0
Node: 11 10 0 85 84 1
Node: 12 11 1 84 83 0
Node: 11 11 0 85 83 1
Node: 13 11 1 83 83 0
Node: 12 11 0 84 83 1
Node: 13 12 1 83 82 0
Node: 12 12 0 84 82 1
Node: 14 12 1 82 82 0
Node: 13 12 0 83 82 1
Node: 14 13 1 82 81 0
Node: 13 13 0 83 81 1
Node: 15 13 1 81 81 0
Node: 14 13 0 82 81 1
Node: 15 14 1 81 80 0
Node: 14 14 0 82 80 1
Node: 16 14 1 80 80 0
Node: 15 14 0 81 80 1
Node: 16 15 1 80 79 0
Node: 15 15 0 81 79 1
Node: 17 15 1 79 79 0
Node: 16 15 0 80 79 1
Node: 17 16 1 79 78 0
Node: 16 16 0 80 78 1
Node: 18 16 1 78 78 0
Node: 17 16 0 79 78 1
Node: 18 17 1 78 77 0
Node: 17 17 0 79 77 1
Node: 19 17 1 77 77 0
Node: 18 17 0 78 77 1
Node: 19 18 1 77 76 0
Node: 18 18 0 78 76 1
Node: 20 18 1 76 76 0
Node: 19 18 0 77 76 1
Node: 20 19 1 76 75 0
Node: 19 19 0 77 75 1
Node: 21 19 1 75 75 0
Node: 20 19 0 76 75 1
Node: 21 20 1 75 74 0
Node: 20 20 0 76 74 1
Node: 22 20 1 74 74 0
Node: 21 20 0 75 74 1
Node: 22 21 1 74 73 0
Node: 21 21 0 75 73 1
Node: 23 21 1 73 73 0
Node: 22 21 0 74 73 1
Node: 23 22 1 73 72 0
Node: 22 22 0 74 72 1
Node: 24 22 1 72 72 0
Node: 23 22 0 73 72 1
Node: 24 23 1 72 71 0
Node: 23 23 0 73 71 1
Node: 25 23 1 71 71 0
Node: 24 23 0 72 71 1
Node: 25 24 1 71 70 0
Node: 24 24 0 72 70 1
Node: 26 24 1 70 70 0
Node: 25 24 0 71 70 1
Node: 26 25 1 70 69 0
Node: 25 25 0 71 69 1
Node: 27 25 1 69 69 0
Node: 26 25 0 70 69 1
Node: 27 26 1 69 68 0
Node: 26 26 0 70 68 1
Node: 28 26 1 68 68 0
Node: 27 26 0 69 68 1
Node: 28 27 1 68 67 0
Node: 27 27 0 69 67 1
Node: 29 27 1 67 67 0
Node: 28 27 0 68 67 1
Node: 29 28 1 67 66 0
Node: 28 28 0 68 66 1
Node: 30 28 1 66 66 0
Node: 29 28 0 67 66 1
Node: 30 29 1 66 65 0
Node: 29 29 0 67 65 1
Node: 31 29 1 65 65 0
Node: 30 29 0 66 65 1
Node: 31 30 1 65 64 0
Node: 30 30 0 66 64 1
Node: 32 30 1 64 64 0
Node: 31 30 0 65 64 1
Node: 32 31 1 64 63 0
Node: 31 31 0 65 63 1
Node: 33 31 1 63 63 0
Node: 32 31 0 64 63 1
Node: 33 32 1 63 62 0
Node: 32 32 0 64 62 1
Node: 34 32 1 62 62 0
Node: 33 32 0 63 62 1
Node: 34 33 1 62 61 0
Node: 33 33 0 63 61 1
Node: 35 33 1 61 61 0
Node: 34 33 0 62 61 1
Node: 35 34 1 61 60 0
Node: 34 34 0 62 60 1
Node: 36 34 1 60 60 0
Node: 35 34 0 61 60 1
Node: 36 35 1 60 59 0
Node: 35 35 0 61 59 1
Node: 37 35 1 59 59 0
Node: 36 35 0 60 59 1
Node: 37 36 1 59 58 0
Node: 36 36 0 60 58 1
Node: 38 36 1 58 58 0
Node: 37 36 0 59 58 1
Node: 38 37 1 58 57 0
Node: 37 37 0 59 57 1
Node: 39 37 1 57 57 0
Node: 38 37 0 58 57 1
Node: 39 38 1 57 56 0
Node: 38 38 0 58 56 1
Node: 40 38 1 56 56 0
Node: 39 38 0 57 56 1
Node: 40 39 1 56 55 0
Node: 39 39 0 57 55 1
Node: 41 39 1 55 55 0
Node: 40 39 0 56 55 1
Node: 41 40 1 55 54 0
Node: 40 40 0 56 54 1
Node: 42 40 1 54 54 0
Node: 41 40 0 55 54 1
Node: 42 41 1 54 53 0
Node: 41 41 0 55 53 1
Node: 43 41 1 53 53 0
Node: 42 41 0 54 53 1
Node: 43 42 1 53 52 0
Node: 42 42 0 54 52 1
Node: 44 42 1 52 52 0
Node: 43 42 0 53 52 1
Node: 44 43 1 52 51 0
Node: 43 43 0 53 51 1
Node: 45 43 1 51 51 0
Node: 44 43 0 52 51 1
Node: 45 44 1 51 50 0
Node: 44 44 0 52 50 1
Node: 46 44 1 50 50 0
Node: 45 44 0 51 50 1
Node: 46 45 1 50 49 0
Node: 45 45 0 51 49 1
Node: 47 45 1 49 49 0
Node: 46 45 0 50 49 1
Node: 47 46 1 49 48 0
Node: 46 46 0 50 48 1
Node: 48 46 1 48 48 0
Node: 47 46 0 49 48 1
Node: 48 47 1 48 47 0
Node: 47 47 0 49 47 1
Node: 49 47 1 47 47 0
Node: 48 47 0 48 47 1
Node: 49 48 1 47 46 0
Node: 48 48 0 48 46 1
Node: 50 48 1 46 46 0
Node: 49 48 0 47 46 1
Node: 50 49 1 46 45 0
Node: 49 49 0 47 45 1
Node: 51 49 1 45 45 0
Node: 50 49 0 46 45 1
Node: 51 50 1 45 44 0
Node: 50 50 0 46 44 1
Node: 52 50 1 44 44 0
Node: 51 50 0 45 44 1
Node: 52 51 1 44 43 0
Node: 51 51 0 45 43 1
Node: 53 51 1 43 43 0
Node: 52 51 0 44 43 1
Node: 53 52 1 43 42 0
Node: 52 52 0 44 42 1
Node: 54 52 1 42 42 0
Node: 53 52 0 43 42 1
Node: 54 53 1 42 41 0
Node: 53 53 0 43 41 1
Node: 55 53 1 41 41 0
Node: 54 53 0 42 41 1
Node: 55 54 1 41 40 0
Node: 54 54 0 42 40 1
Node: 56 54 1 40 40 0
Node: 55 54 0 41 40 1
Node: 56 55 1 40 39 0
Node: 55 55 0 41 39 1
Node: 57 55 1 39 39 0
Node: 56 55 0 40 39 1
Node: 57 56 1 39 38 0
Node: 56 56 0 40 38 1
Node: 58 56 1 38 38 0
Node: 57 56 0 39 38 1
Node: 58 57 1 38 37 0
Node: 57 57 0 39 37 1
Node: 59 57 1 37 37 0
Node: 58 57 0 38 37 1
Node: 59 58 1 37 36 0
Node: 58 58 0 38 36 1
Node: 60 58 1 36 36 0
Node: 59 58 0 37 36 1
Node: 60 59 1 36 35 0
Node: 59 59 0 37 35 1
Node: 61 59 1 35 35 0
Node: 60 59 0 36 35 1
Node: 61 60 1 35 34 0
Node: 60 60 0 36 34 1
Node: 62 60 1 34 34 0
Node: 61 60 0 35 34 1
Node: 62 61 1 34 33 0
Node: 61 61 0 35 33 1
Node: 63 61 1 33 33 0
Node: 62 61 0 34 33 1
Node: 63 62 1 33 32 0
Node: 62 62 0 34 32 1
Node: 64 62 1 32 32 0
Node: 63 62 0 33 32 1
Node: 64 63 1 32 31 0
Node: 63 63 0 33 31 1
Node: 65 63 1 31 31 0
Node: 64 63 0 32 31 1
Node: 65 64 1 31 30 0
Node: 64 64 0 32 30 1
Node: 66 64 1 30 30 0
Node: 65 64 0 31 30 1
Node: 66 65 1 30 29 0
Node: 65 65 0 31 29 1
Node: 67 65 1 29 29 0
Node: 66 65 0 30 29 1
Node: 67 66 1 29 28 0
Node: 66 66 0 30 28 1
Node: 68 66 1 28 28 0
Node: 67 66 0 29 28 1
Node: 68 67 1 28 27 0
Node: 67 67 0 29 27 1
Node: 69 67 1 27 27 0
Node: 68 67 0 28 27 1
Node: 69 68 1 27 26 0
Node: 68 68 0 28 26 1
Node: 70 68 1 26 26 0
Node: 69 68 0 27 26 1
Node: 70 69 1 26 25 0
Node: 69 69 0 27 25 1
Node: 71 69 1 25 25 0
Node: 70 69 0 26 25 1
Node: 71 70 1 25 24 0
Node: 70 70 0 26 24 1
Node: 72 70 1 24 24 0
Node: 71 70 0 25 24 1
Node: 72 71 1 24 23 0
Node: 71 71 0 25 23 1
Node: 73 71 1 23 23 0
Node: 72 71 0 24 23 1
Node: 73 72 1 23 22 0
Node: 72 72 0 24 22 1
Node: 74 72 1 22 22 0
Node: 73 72 0 23 22 1
Node: 74 73 1 22 21 0
Node: 73 73 0 23 21 1
Node: 75 73 1 21 21 0
Node: 74 73 0 22 21 1
Node: 75 74 1 21 20 0
Node: 74 74 0 22 20 1
Node: 76 74 1 20 20 0
Node: 75 74 0 21 20 1
Node: 76 75 1 20 19 0
Node: 75 75 0 21 19 1
Node: 77 75 1 19 19 0
Node: 76 75 0 20 19 1
Node: 77 76 1 19 18 0
Node: 76 76 0 20 18 1
Node: 78 76 1 18 18 0
Node: 77 76 0 19 18 1
Node: 78 77 1 18 17 0
Node: 77 77 0 19 17 1
Node: 79 77 1 17 17 0
Node: 78 77 0 18 17 1
Node: 79 78 1 17 16 0
Node: 78 78 0 18 16 1
Node: 80 78 1 16 16 0
Node: 79 78 0 17 16 1
Node: 80 79 1 16 15 0
Node: 79 79 0 17 15 1
Node: 81 79 1 15 15 0
Node: 80 79 0 16 15 1
Node: 81 80 1 15 14 0
Node: 80 80 0 16 14 1
Node: 82 80 1 14 14 0
Node: 81 80 0 15 14 1
Node: 82 81 1 14 13 0
Node: 81 81 0 15 13 1
Node: 83 81 1 13 13 0
Node: 82 81 0 14 13 1
Node: 83 82 1 13 12 0
Node: 82 82 0 14 12 1
Node: 84 82 1 12 12 0
Node: 83 82 0 13 12 1
Node: 84 83 1 12 11 0
Node: 83 83 0 13 11 1
Node: 85 83 1 11 11 0
Node: 84 83 0 12 11 1
Node: 85 84 1 11 10 0
Node: 84 84 0 12 10 1
Node: 86 84 1 10 10 0
Node: 85 84 0 11 10 1
Node: 86 85 1 10 9 0
Node: 85 85 0 11 9 1
Node: 87 85 1 9 9 0
Node: 86 85 0 10 9 1
Node: 87 86 1 9 8 0
Node: 86 86 0 10 8 1
Node: 88 86 1 8 8 0
Node: 87 86 0 9 8 1
Node: 88 87 1 8 7 0
Node: 87 87 0 9 7 1
Node: 89 87 1 7 7 0
Node: 88 87 0 8 7 1
Node: 89 88 1 7 6 0
Node: 88 88 0 8 6 1
Node: 90 88 1 6 6 0
Node: 89 88 0 7 6 1
Node: 90 89 1 6 5 0
Node: 89 89 0 7 5 1
Node: 91 89 1 5 5 0
Node: 90 89 0 6 5 1
Node: 91 90 1 5 4 0
Node: 90 90 0 6 4 1
Node: 92 90 1 4 4 0
Node: 91 90 0 5 4 1
Node: 92 91 1 4 3 0
Node: 91 91 0 5 3 1
Node: 93 91 1 3 3 0
Node: 92 91 0 4 3 1
Node: 93 92 1 3 2 0
Node: 92 92 0 4 2 1
Node: 94 92 1 2 2 0
Node: 93 92 0 3 2 1
Node: 94 93 1 2 1 0
Node: 93 93 0 3 1 1
Node: 95 93 1 1 1 0
Node: 94 93 0 2 1 1
Node: 96 93 1 0 1 0
Node: 95 93 0 1 1 1
Node: 96 94 1 0 0 0

depth: 377
expanded node: 760
